  0000FF01   [8]  2C 02 0A 00 3A 02 DA 02
  0000FF02   [4]  08 00 01 00
  0000FF01   [8]  1E 02 05 00 2B 01 FE 02
  0000FF02   [4]  04 00 01 00
  0000FF01   [8]  16 02 05 00 12 01 02 03
  0000FF02   [4]  03 00 01 00
  0000FF01   [8]  17 02 05 00 03 01 02 03
  0000FF02   [4]  03 00 01 00
  0000FF01   [8]  22 02 05 00 04 01 00 03
  0000FF02   [4]  03 00 01 00
  0000FF01   [8]  12 02 00 00 EB FF 04 03
  0000FF02   [4]  00 00 01 00
  0000FF01   [8]  12 02 04 00 00 01 01 03
  0000FF02   [4]  03 00 01 00
  0000FF01   [8]  15 02 02 00 74 00 88 02
  0000FF02   [4]  01 00 01 00
  0000FF00   [7]  1D 60 00 00 00 00 03
  0000FF00   [7]  0D 60 00 00 00 00 03
  0000FF00   [7]  1D 60 00 00 00 00 03
  0000FF00   [7]  0D 60 00 00 00 00 03
  0000FF00   [7]  1D 60 00 00 00 00 03
  0000FF01   [8]  15 02 00 00 0E FF 6C 02
  0000FF02   [4]  FD 2B 00 00
  0000FF01   [8]  16 02 04 00 A4 FE 6D 02
  0000FF02   [4]  FB 6A 00 01
  0000FF01   [8]  17 02 04 00 B4 FE 6C 02
  0000FF02   [4]  FB 6A 00 01
  0000FF01   [8]  17 02 04 00 9D FE 67 02
  0000FF02   [4]  FB 6B 00 01
  0000FF00   [7]  0D 60 00 00 00 00 03
  0000FF00   [7]  0D 60 00 00 00 00 03
  0000FF00   [7]  1D 60 00 00 00 00 03
  0000FF01   [8]  16 02 02 00 2D FE 66 02
  0000FF02   [4]  F9 69 00 01
  0000FF00   [7]  0D 60 00 00 00 00 03
  0000FF00   [7]  1D 60 00 00 00 00 03
  0000FF01   [8]  1A 02 03 00 6F FE 65 02
  0000FF02   [4]  FA 6A 00 01
  0000FF01   [8]  23 02 09 00 D1 FF 5D 02
  0000FF02   [4]  00 62 00 01
  0000FF01   [8]  23 02 08 00 D0 FF 60 02
  0000FF02   [4]  00 59 00 01
  0000FF01   [8]  23 02 08 00 D0 FF 65 02
  0000FF02   [4]  00 57 00 00
  0000FF01   [8]  23 02 08 00 D1 FF 6B 02
  0000FF02   [4]  00 56 00 00
  0000FF01   [8]  23 02 08 00 D3 FF 73 02
  0000FF02   [4]  00 55 00 00
  0000FF01   [8]  21 02 08 00 D1 FF 71 02
  0000FF02   [4]  00 52 00 00
  0000FF01   [8]  23 02 08 00 EC FF 5F 02
  0000FF02   [4]  00 4F 00 00
  0000FF01   [8]  23 02 08 00 CF FF 67 02
  0000FF02   [4]  00 51 00 00
  0000FF01   [8]  23 02 08 00 CF FF 6E 02
  0000FF02   [4]  00 50 00 00
  0000FF01   [8]  23 02 07 00 D1 FF 76 02
  0000FF02   [4]  00 4F 00 00
  0000FF01   [8]  23 02 07 00 EB FF 5A 02
  0000FF02   [4]  00 49 00 00
  0000FF01   [8]  23 02 07 00 D1 FF 61 02
  0000FF02   [4]  00 4E 00 00
  0000FF01   [8]  23 02 07 00 D2 FF 69 02
  0000FF02   [4]  00 4C 00 00
  0000FF01   [8]  23 02 07 00 D3 FF 70 02
  0000FF02   [4]  00 4C 00 00
  0000FF01   [8]  23 02 07 00 D2 FF 76 02
  0000FF02   [4]  00 4B 00 00
  0000FF01   [8]  23 02 07 00 EC FF 5B 02
  0000FF02   [4]  00 45 00 00
  0000FF01   [8]  23 02 07 00 D1 FF 64 02
  0000FF02   [4]  00 49 00 00
  0000FF01   [8]  23 02 07 00 D1 FF 6C 02
  0000FF02   [4]  00 48 00 00
  0000FF01   [8]  23 02 07 00 D0 FF 74 02
  0000FF02   [4]  00 47 00 00
  0000FF01   [8]  22 02 06 00 D2 FF 70 02
  0000FF02   [4]  00 46 00 00
  0000FF01   [8]  23 02 07 00 EC FF 5F 02
  0000FF02   [4]  00 42 00 00
  0000FF01   [8]  23 02 06 00 D0 FF 67 02
  0000FF02   [4]  00 45 00 00
  0000FF01   [8]  23 02 06 00 D3 FF 6F 02
  0000FF02   [4]  00 44 00 00
  0000FF01   [8]  23 02 06 00 D2 FF 76 02
  0000FF02   [4]  00 43 00 00
  0000FF01   [8]  23 02 06 00 EE FF 5A 02
  0000FF02   [4]  00 3E 00 00
  0000FF01   [8]  23 02 06 00 D2 FF 62 02
  0000FF02   [4]  00 42 00 00
  0000FF01   [8]  23 02 06 00 D3 FF 6A 02
  0000FF02   [4]  00 41 00 00
  0000FF01   [8]  23 02 06 00 D4 FF 71 02
  0000FF02   [4]  00 41 00 00
  0000FF01   [8]  23 02 06 00 D3 FF 76 02
  0000FF02   [4]  00 3F 00 00
  0000FF01   [8]  23 02 06 00 ED FF 5D 02
  0000FF02   [4]  00 3A 00 00
  0000FF01   [8]  23 02 06 00 D3 FF 64 02
  0000FF02   [4]  00 3F 00 00
  0000FF01   [8]  23 02 06 00 D2 FF 6D 02
  0000FF02   [4]  00 3E 00 00
  0000FF01   [8]  23 02 05 00 D5 FF 74 02
  0000FF02   [4]  00 3D 00 00
  0000FF01   [8]  23 02 05 00 D3 FF 6F 02
  0000FF02   [4]  00 3D 00 00
  0000FF01   [8]  23 02 05 00 EF FF 5F 02
  0000FF02   [4]  00 37 00 00
  0000FF01   [8]  23 02 05 00 D4 FF 67 02
  0000FF02   [4]  00 3B 00 00
  0000FF01   [8]  23 02 05 00 D4 FF 6F 02
  0000FF02   [4]  00 3B 00 00
  0000FF01   [8]  23 02 05 00 D4 FF 75 02
  0000FF02   [4]  00 3A 00 00
  0000FF01   [8]  23 02 05 00 E4 FF 5B 02
  0000FF02   [4]  00 36 00 00
  0000FF01   [8]  23 02 05 00 E2 FF 61 02
  0000FF02   [4]  00 37 00 00
  0000FF01   [8]  23 02 05 00 D3 FF 69 02
  0000FF02   [4]  00 38 00 00
  0000FF01   [8]  23 02 05 00 D3 FF 71 02
  0000FF02   [4]  00 38 00 00
  0000FF01   [8]  23 02 05 00 D4 FF 76 02
  0000FF02   [4]  00 37 00 00
  0000FF01   [8]  23 02 05 00 EE FF 5C 02
  0000FF02   [4]  00 32 00 00
  0000FF01   [8]  23 02 05 00 D3 FF 64 02
  0000FF02   [4]  00 36 00 00
  0000FF01   [8]  23 02 05 00 D3 FF 6C 02
  0000FF02   [4]  00 35 00 00
  0000FF01   [8]  23 02 05 00 D3 FF 73 02
  0000FF02   [4]  00 35 00 00
  0000FF01   [8]  23 02 05 00 D2 FF 71 02
  0000FF02   [4]  00 35 00 00
  0000FF01   [8]  23 02 05 00 ED FF 5F 02
  0000FF02   [4]  00 30 00 00
  0000FF01   [8]  23 02 04 00 D5 FF 64 02
  0000FF02   [4]  00 33 00 00
  0000FF01   [8]  23 02 04 00 D0 FF 6C 02
  0000FF02   [4]  00 33 00 00
  0000FF01   [8]  23 02 04 00 D1 FF 74 02
  0000FF02   [4]  00 32 00 00
  0000FF01   [8]  23 02 04 00 D2 FF 70 02
  0000FF02   [4]  00 32 00 00
  0000FF01   [8]  24 02 04 00 EE FF 5F 02
  0000FF02   [4]  00 2D 00 00
  0000FF01   [8]  24 02 04 00 D1 FF 67 02
  0000FF02   [4]  00 31 00 00
  0000FF01   [8]  24 02 04 00 D2 FF 6E 02
  0000FF02   [4]  00 30 00 00
  0000FF01   [8]  24 02 04 00 D4 FF 76 02
  0000FF02   [4]  00 30 00 00
  0000FF01   [8]  24 02 04 00 ED FF 5A 02
  0000FF02   [4]  00 2B 00 00
  0000FF01   [8]  24 02 04 00 D2 FF 62 02
  0000FF02   [4]  00 2F 00 00
  0000FF01   [8]  24 02 04 00 D2 FF 6A 02
  0000FF02   [4]  00 2F 00 00
  0000FF01   [8]  24 02 04 00 D3 FF 70 02
  0000FF02   [4]  00 2E 00 00
  0000FF01   [8]  24 02 04 00 D5 FF 76 02
  0000FF02   [4]  00 2E 00 00
  0000FF01   [8]  24 02 04 00 ED FF 5B 02
  0000FF02   [4]  00 29 00 00
  0000FF01   [8]  24 02 04 00 D2 FF 63 02
  0000FF02   [4]  00 2D 00 00
  0000FF01   [8]  24 02 04 00 D2 FF 6B 02
  0000FF02   [4]  00 2C 00 00
  0000FF01   [8]  24 02 04 00 D4 FF 72 02
  0000FF02   [4]  00 2C 00 00
  0000FF01   [8]  23 02 04 00 D3 FF 75 02
  0000FF02   [4]  00 2B 00 00
  0000FF01   [8]  24 02 04 00 EE FF 5C 02
  0000FF02   [4]  00 27 00 00
  0000FF01   [8]  24 02 04 00 D4 FF 64 02
  0000FF02   [4]  00 2B 00 00
  0000FF01   [8]  24 02 04 00 D3 FF 6C 02
  0000FF02   [4]  00 2B 00 00
  0000FF01   [8]  24 02 04 00 D4 FF 73 02
  0000FF02   [4]  00 2A 00 00
  0000FF01   [8]  23 02 03 00 D2 FF 72 02
  0000FF02   [4]  00 2A 00 00
  0000FF01   [8]  24 02 04 00 EE FF 5E 02
  0000FF02   [4]  00 25 00 00
  0000FF01   [8]  24 02 03 00 D4 FF 66 02
  0000FF02   [4]  00 29 00 00
  0000FF01   [8]  24 02 03 00 D6 FF 6E 02
  0000FF02   [4]  00 29 00 00
  0000FF01   [8]  24 02 03 00 D6 FF 76 02
  0000FF02   [4]  00 28 00 00
  0000FF01   [8]  24 02 03 00 E7 FF 5A 02
  0000FF02   [4]  00 24 00 00
  0000FF01   [8]  24 02 03 00 E0 FF 61 02
  0000FF02   [4]  00 27 00 00
  0000FF01   [8]  24 02 03 00 D3 FF 68 02
  0000FF02   [4]  00 27 00 00
  0000FF01   [8]  24 02 03 00 D5 FF 70 02
  0000FF02   [4]  00 27 00 00
  0000FF01   [8]  24 02 03 00 D5 FF 76 02
  0000FF02   [4]  00 27 00 00
  0000FF01   [8]  24 02 03 00 EE FF 5B 02
  0000FF02   [4]  00 22 00 00
  0000FF01   [8]  24 02 03 00 D2 FF 62 02
  0000FF02   [4]  00 26 00 00
  0000FF01   [8]  24 02 03 00 D2 FF 6A 02
  0000FF02   [4]  00 26 00 00
  0000FF01   [8]  24 02 03 00 D4 FF 72 02
  0000FF02   [4]  00 26 00 00
  0000FF01   [8]  24 02 03 00 D2 FF 76 02
  0000FF02   [4]  00 25 00 00
  0000FF01   [8]  24 02 03 00 EF FF 5D 02
  0000FF02   [4]  00 21 00 00
  0000FF01   [8]  24 02 03 00 D2 FF 65 02
  0000FF02   [4]  00 25 00 00
  0000FF01   [8]  24 02 03 00 D2 FF 6D 02
  0000FF02   [4]  00 24 00 00
  0000FF01   [8]  24 02 03 00 D2 FF 74 02
  0000FF02   [4]  00 24 00 00
  0000FF01   [8]  23 02 03 00 D2 FF 6C 02
  0000FF02   [4]  00 24 00 00
  0000FF01   [8]  24 02 03 00 EE FF 5F 02
  0000FF02   [4]  00 20 00 00
  0000FF01   [8]  24 02 03 00 D4 FF 67 02
  0000FF02   [4]  00 24 00 00
  0000FF01   [8]  24 02 03 00 D3 FF 6F 02
  0000FF02   [4]  00 23 00 00
  0000FF01   [8]  24 02 03 00 D4 FF 76 02
  0000FF02   [4]  00 23 00 00
  0000FF01   [8]  24 02 03 00 ED FF 5A 02
  0000FF02   [4]  00 1F 00 00
  0000FF01   [8]  24 02 03 00 D2 FF 62 02
  0000FF02   [4]  00 23 00 00
  0000FF01   [8]  24 02 03 00 D2 FF 6A 02
  0000FF02   [4]  00 22 00 00
  0000FF01   [8]  24 02 03 00 D4 FF 71 02
  0000FF02   [4]  00 22 00 00
  0000FF01   [8]  24 02 03 00 D3 FF 76 02
  0000FF02   [4]  00 22 00 00
  0000FF01   [8]  24 02 03 00 EE FF 5D 02
  0000FF02   [4]  00 1D 00 00
  0000FF01   [8]  24 02 03 00 D4 FF 64 02
  0000FF02   [4]  00 21 00 00
  0000FF01   [8]  24 02 03 00 D5 FF 6C 02
  0000FF02   [4]  00 21 00 00
  0000FF01   [8]  24 02 03 00 D5 FF 74 02
  0000FF02   [4]  00 21 00 00
  0000FF01   [8]  23 02 02 00 D7 FF 6C 02
  0000FF02   [4]  00 20 00 00
  0000FF01   [8]  24 02 03 00 EF FF 5E 02
  0000FF02   [4]  00 1D 00 00
  0000FF01   [8]  24 02 02 00 D5 FF 67 02
  0000FF02   [4]  00 21 00 00
  0000FF00   [7]  1D 61 00 00 00 00 03
  0000FF01   [8]  24 02 02 00 D5 FF 6F 02
  0000FF02   [4]  00 20 00 00
  0000FF01   [8]  24 02 02 00 D5 FF 76 02
  0000FF02   [4]  00 20 00 00
  0000FF01   [8]  24 02 03 00 EF FF 5A 02
  0000FF02   [4]  00 1B 00 00
  0000FF01   [8]  24 02 02 00 D4 FF 62 02
  0000FF02   [4]  00 20 00 00
  0000FF01   [8]  24 02 02 00 D4 FF 6A 02
  0000FF02   [4]  00 20 00 00
  0000FF01   [8]  24 02 02 00 D5 FF 71 02
  0000FF02   [4]  00 1F 00 00
  0000FF01   [8]  24 02 02 00 D4 FF 76 02
  0000FF02   [4]  00 1F 00 00
  0000FF01   [8]  24 02 02 00 F0 FF 5C 02
  0000FF02   [4]  00 1B 00 00
  0000FF01   [8]  24 02 02 00 D6 FF 63 02
  0000FF02   [4]  00 1F 00 00
  0000FF01   [8]  24 02 02 00 D3 FF 6B 02
  0000FF02   [4]  00 1F 00 00
  0000FF01   [8]  24 02 02 00 D3 FF 72 02
  0000FF02   [4]  00 1E 00 00
  0000FF01   [8]  24 02 02 00 D4 FF 75 02
  0000FF02   [4]  00 1E 00 00
  0000FF01   [8]  24 02 02 00 F0 FF 5D 02
  0000FF02   [4]  00 1A 00 00
  0000FF01   [8]  24 02 02 00 D4 FF 66 02
  0000FF02   [4]  00 1E 00 00
  0000FF01   [8]  24 02 02 00 D5 FF 6E 02
  0000FF02   [4]  00 1E 00 00
  0000FF01   [8]  24 02 02 00 D4 FF 75 02
  0000FF02   [4]  00 1E 00 00
  0000FF01   [8]  23 02 02 00 D4 FF 5F 02
  0000FF02   [4]  00 1C 00 00
  0000FF01   [8]  24 02 02 00 EF FF 60 02
  0000FF02   [4]  00 1B 00 00
  0000FF01   [8]  24 02 02 00 D4 FF 68 02
  0000FF02   [4]  00 1D 00 00
  0000FF01   [8]  24 02 02 00 D3 FF 6F 02
  0000FF02   [4]  00 1D 00 00
  0000FF01   [8]  24 02 02 00 D5 FF 76 02
  0000FF02   [4]  00 1D 00 00
  0000FF01   [8]  24 02 02 00 ED FF 5A 02
  0000FF02   [4]  00 18 00 00
  0000FF01   [8]  24 02 02 00 D2 FF 62 02
  0000FF02   [4]  00 1D 00 00
  0000FF01   [8]  24 02 02 00 D4 FF 6A 02
  0000FF02   [4]  00 1D 00 00
  0000FF01   [8]  24 02 02 00 D6 FF 71 02
  0000FF02   [4]  00 1D 00 00
  0000FF01   [8]  24 02 02 00 D4 FF 76 02
  0000FF02   [4]  00 1C 00 00
  0000FF01   [8]  24 02 02 00 EE FF 5D 02
  0000FF02   [4]  00 18 00 00
  0000FF01   [8]  24 02 02 00 D4 FF 64 02
  0000FF02   [4]  00 1C 00 00
  0000FF01   [8]  24 02 02 00 D4 FF 6C 02
  0000FF02   [4]  00 1C 00 00
  0000FF01   [8]  24 02 02 00 D5 FF 74 02
  0000FF02   [4]  00 1C 00 00
  0000FF01   [8]  24 02 02 00 D5 FF 70 02
  0000FF02   [4]  00 1B 00 00
  0000FF01   [8]  24 02 02 00 EF FF 5E 02
  0000FF02   [4]  00 17 00 00
  0000FF01   [8]  24 02 02 00 D5 FF 67 02
  0000FF02   [4]  00 1B 00 00
  0000FF01   [8]  24 02 02 00 D5 FF 6E 02
  0000FF02   [4]  00 1B 00 00
  0000FF01   [8]  24 02 02 00 D4 FF 76 02
  0000FF02   [4]  00 1B 00 00
  0000FF01   [8]  24 02 02 00 EF FF 59 02
  0000FF02   [4]  00 17 00 00
  0000FF01   [8]  24 02 02 00 D5 FF 61 02
  0000FF02   [4]  00 1B 00 00
  0000FF01   [8]  24 02 02 00 D2 FF 69 02
  0000FF02   [4]  00 1B 00 00
  0000FF01   [8]  24 02 02 00 D2 FF 71 02
  0000FF02   [4]  00 1B 00 00
  0000FF01   [8]  24 02 02 00 D3 FF 77 02
  0000FF02   [4]  00 1B 00 00
  0000FF01   [8]  24 02 02 00 EE FF 5D 02
  0000FF02   [4]  00 17 00 00
  0000FF01   [8]  24 02 02 00 D5 FF 65 02
  0000FF02   [4]  00 1B 00 00
  0000FF01   [8]  24 02 02 00 D4 FF 6D 02
  0000FF02   [4]  00 1B 00 00
  0000FF01   [8]  24 02 02 00 D3 FF 74 02
  0000FF02   [4]  00 1A 00 00
  0000FF01   [8]  24 02 02 00 D8 FF 6D 02
  0000FF02   [4]  00 1A 00 00
  0000FF01   [8]  24 02 02 00 EF FF 5E 02
  0000FF02   [4]  00 16 00 00
  0000FF01   [8]  24 02 02 00 D3 FF 66 02
  0000FF02   [4]  00 1A 00 00
  0000FF01   [8]  24 02 02 00 D5 FF 6E 02
  0000FF02   [4]  00 1A 00 00
  0000FF01   [8]  24 02 02 00 D4 FF 75 02
  0000FF02   [4]  00 1A 00 00
  0000FF01   [8]  23 02 02 00 DC FF 5D 02
  0000FF02   [4]  00 18 00 00
  0000FF01   [8]  24 02 02 00 EE FF 60 02
  0000FF02   [4]  00 17 00 00
  0000FF01   [8]  24 02 02 00 D4 FF 67 02
  0000FF02   [4]  00 19 00 00
  0000FF01   [8]  24 02 02 00 D5 FF 6F 02
  0000FF02   [4]  00 1A 00 00
  0000FF01   [8]  24 02 02 00 D6 FF 76 02
  0000FF02   [4]  00 19 00 00
  0000FF01   [8]  24 02 02 00 F0 FF 5A 02
  0000FF02   [4]  00 15 00 00
  0000FF01   [8]  24 02 02 00 D1 FF 61 02
  0000FF02   [4]  00 19 00 00
  0000FF01   [8]  24 02 02 00 D4 FF 69 02
  0000FF02   [4]  00 19 00 00
  0000FF01   [8]  24 02 02 00 D3 FF 71 02
  0000FF02   [4]  00 19 00 00
  0000FF01   [8]  24 02 02 00 D5 FF 76 02
  0000FF02   [4]  00 19 00 00
  0000FF01   [8]  24 02 02 00 EE FF 5B 02
  0000FF02   [4]  00 15 00 00
  0000FF01   [8]  24 02 02 00 D3 FF 63 02
  0000FF02   [4]  00 19 00 00
  0000FF01   [8]  24 02 02 00 D2 FF 6B 02
  0000FF02   [4]  00 19 00 00
  0000FF01   [8]  24 02 02 00 D4 FF 73 02
  0000FF02   [4]  00 19 00 00
  0000FF01   [8]  24 02 02 00 D3 FF 74 02
  0000FF02   [4]  00 18 00 00
  0000FF01   [8]  24 02 02 00 EE FF 5E 02
  0000FF02   [4]  00 15 00 00
  0000FF01   [8]  24 02 02 00 D6 FF 65 02
  0000FF02   [4]  00 19 00 00
  0000FF01   [8]  24 02 02 00 D3 FF 6E 02
  0000FF02   [4]  00 19 00 00
  0000FF01   [8]  24 02 02 00 D2 FF 75 02
  0000FF02   [4]  00 18 00 00
  0000FF01   [8]  23 02 02 00 D5 FF 60 02
  0000FF02   [4]  00 17 00 00
  0000FF01   [8]  24 02 02 00 EF FF 61 02
  0000FF02   [4]  00 15 00 00
  0000FF01   [8]  24 02 02 00 D4 FF 68 02
  0000FF02   [4]  00 18 00 00
  0000FF01   [8]  24 02 02 00 D4 FF 71 02
  0000FF02   [4]  00 18 00 00
  0000FF01   [8]  24 02 02 00 D4 FF 76 02
  0000FF02   [4]  00 18 00 00
  0000FF01   [8]  24 02 02 00 EF FF 5C 02
  0000FF02   [4]  00 14 00 00
  0000FF01   [8]  24 02 02 00 D5 FF 63 02
  0000FF02   [4]  00 18 00 00
  0000FF01   [8]  24 02 02 00 D3 FF 6C 02
  0000FF02   [4]  00 18 00 00
  0000FF01   [8]  24 02 02 00 D5 FF 73 02
  0000FF02   [4]  00 18 00 00
  0000FF01   [8]  24 02 02 00 D4 FF 72 02
  0000FF02   [4]  00 18 00 00
  0000FF01   [8]  24 02 02 00 EF FF 5F 02
  0000FF02   [4]  00 14 00 00
  0000FF01   [8]  24 02 02 00 D3 FF 66 02
  0000FF02   [4]  00 18 00 00
  0000FF01   [8]  24 02 02 00 D3 FF 6E 02
  0000FF02   [4]  00 18 00 00
  0000FF01   [8]  24 02 02 00 D3 FF 75 02
  0000FF02   [4]  00 18 00 00
  0000FF01   [8]  23 02 02 00 D7 FF 5E 02
  0000FF02   [4]  00 16 00 00
  0000FF01   [8]  24 02 02 00 EE FF 61 02
  0000FF02   [4]  00 15 00 00
  0000FF01   [8]  24 02 02 00 D2 FF 68 02
  0000FF02   [4]  00 17 00 00
  0000FF01   [8]  24 02 02 00 D2 FF 70 02
  0000FF02   [4]  00 17 00 00
  0000FF01   [8]  24 02 02 00 D3 FF 77 02
  0000FF02   [4]  00 17 00 00
  0000FF01   [8]  24 02 02 00 ED FF 5B 02
  0000FF02   [4]  00 13 00 00
  0000FF01   [8]  24 02 02 00 D1 FF 64 02
  0000FF02   [4]  00 17 00 00
  0000FF01   [8]  24 02 02 00 D3 FF 6C 02
  0000FF02   [4]  00 17 00 00
  0000FF01   [8]  24 02 02 00 D5 FF 73 02
  0000FF02   [4]  00 17 00 00
  0000FF01   [8]  24 02 02 00 D3 FF 72 02
  0000FF02   [4]  00 17 00 00
  0000FF01   [8]  24 02 02 00 ED FF 5F 02
  0000FF02   [4]  00 13 00 00
  0000FF01   [8]  24 02 02 00 D3 FF 66 02
  0000FF02   [4]  00 17 00 00
  0000FF01   [8]  24 02 02 00 D5 FF 6E 02
  0000FF02   [4]  00 17 00 00
  0000FF01   [8]  24 02 02 00 D3 FF 75 02
  0000FF02   [4]  00 17 00 00
  0000FF01   [8]  24 02 02 00 E7 FF 5A 02
  0000FF02   [4]  00 14 00 00
  0000FF01   [8]  24 02 02 00 E1 FF 61 02
  0000FF02   [4]  00 16 00 00
  0000FF01   [8]  24 02 02 00 D4 FF 69 02
  0000FF02   [4]  00 17 00 00
  0000FF01   [8]  24 02 02 00 D4 FF 71 02
  0000FF02   [4]  00 17 00 00
  0000FF01   [8]  24 02 01 00 D4 FF 76 02
  0000FF02   [4]  00 17 00 00
  0000FF01   [8]  24 02 02 00 F0 FF 5C 02
  0000FF02   [4]  00 13 00 00
  0000FF01   [8]  24 02 02 00 D6 FF 64 02
  0000FF02   [4]  00 17 00 00
  0000FF01   [8]  24 02 01 00 D6 FF 6C 02
  0000FF02   [4]  00 17 00 00
  0000FF01   [8]  24 02 01 00 D6 FF 73 02
  0000FF02   [4]  00 17 00 00
  0000FF01   [8]  24 02 01 00 D6 FF 72 02
  0000FF02   [4]  00 16 00 00
  0000FF01   [8]  24 02 02 00 F0 FF 5E 02
  0000FF02   [4]  00 13 00 00
  0000FF01   [8]  24 02 01 00 D6 FF 66 02
  0000FF02   [4]  00 17 00 00
  0000FF01   [8]  24 02 01 00 D6 FF 6E 02
  0000FF02   [4]  00 17 00 00
  0000FF01   [8]  24 02 01 00 D4 FF 75 02
  0000FF02   [4]  00 17 00 00
  0000FF01   [8]  23 02 01 00 D6 FF 60 02
  0000FF02   [4]  00 15 00 00
  0000FF01   [8]  24 02 02 00 F0 FF 60 02
  0000FF02   [4]  00 14 00 00
  0000FF01   [8]  24 02 01 00 D4 FF 68 02
  0000FF02   [4]  00 17 00 00
  0000FF01   [8]  24 02 01 00 D5 FF 6F 02
  0000FF02   [4]  00 16 00 00
  0000FF01   [8]  24 02 01 00 D6 FF 76 02
  0000FF02   [4]  00 17 00 00
  0000FF01   [8]  24 02 02 00 F1 FF 5A 02
  0000FF02   [4]  00 12 00 00
  0000FF01   [8]  24 02 01 00 D6 FF 62 02
  0000FF02   [4]  00 17 00 00
  0000FF01   [8]  24 02 01 00 D5 FF 6A 02
  0000FF02   [4]  00 17 00 00
  0000FF01   [8]  24 02 01 00 D5 FF 72 02
  0000FF02   [4]  00 16 00 00
  0000FF01   [8]  24 02 01 00 D6 FF 76 02
  0000FF02   [4]  00 16 00 00
  0000FF01   [8]  24 02 02 00 F1 FF 5D 02
  0000FF02   [4]  00 12 00 00
  0000FF01   [8]  24 02 01 00 D5 FF 65 02
  0000FF02   [4]  00 16 00 00
  0000FF01   [8]  24 02 01 00 D7 FF 6D 02
  0000FF02   [4]  00 16 00 00
  0000FF01   [8]  24 02 01 00 D7 FF 75 02
  0000FF02   [4]  00 16 00 00
  0000FF01   [8]  23 02 01 00 D7 FF 62 02
  0000FF02   [4]  00 15 00 00
  0000FF01   [8]  24 02 02 00 F1 FF 60 02
  0000FF02   [4]  00 13 00 00
  0000FF01   [8]  24 02 01 00 D6 FF 68 02
  0000FF02   [4]  00 16 00 00
